l1: 0.05465
l2: 0.1549
l3: 0.116
l4: 0.06183
l5: 0.08075
l6: 0.0613
l7: 0.115

m1: 0.500
m2: 0.22226
m3: 0.0476
m4: 0.2063
m5: 0.1097
m6: 0.30449
