l1: 0.05465
l2: 0.1585
l3: 0.099
l4: 0.04233
l5: 0.06975
l6: 0.04233
l7: 0.1
